   3.5911845e+01
   3.3538131e+01
   4.5409544e+01
   3.1181342e+01
   2.2235629e+01
   3.3052174e+01
   2.0153106e+01
   2.4885192e+01
   1.1398958e+01
   4.6799703e+01
   1.2239124e+01
   3.5601606e+01
   4.8155290e+01
   3.6350883e+01
   3.4882856e+01
   2.0845967e+01
   2.1578142e+01
   1.9546772e+01
   1.8059199e+01
   3.2984647e+01
   1.8109113e+01
   2.3277154e+01
   2.8887646e+01
   2.1621769e+01
   2.2250857e+01
   3.1348423e+01
   4.4480061e+01
   3.2495100e+01
   1.7155499e+01
   3.0904756e+01
   1.8202268e+01
   2.5029136e+01
   2.2332486e+01
   1.4588493e+01
   2.9950794e+01
   1.7799004e+01
   1.4732242e+01
   1.6728985e+01
   1.0730276e+01
   2.3886614e+01
   2.8099174e+01
   1.6738832e+01
   2.7321502e+01
   1.9020062e+01
   9.0347180e+00
   4.7533460e+01
   3.3553994e+01
   2.5883607e+01
   5.1731955e+01
   2.3088867e+01
   3.5540362e+01
   2.2424316e+01
   1.5228737e+01
   1.6261927e+01
   2.0857227e+01
   1.5379339e+01
   2.5566827e+01
   3.6613793e+01
   1.5154951e+01
   2.8147501e+01
   3.3918102e+01
   1.1582407e+01
   2.0923143e+01
   3.3626259e+01
   4.4833697e+01
   2.9639207e+01
   5.9045592e+01
   4.6981967e+01
   1.6328014e+01
   2.6040944e+01
   1.8168079e+01
   1.9396339e+01
   1.9478601e+01
   2.6125463e+01
   3.2085859e+01
   3.1973735e+01
   4.7843372e+01
   3.2070614e+01
   1.7547602e+01
   2.7353572e+01
   2.5651272e+01
   3.3406345e+01
   4.4249184e+01
   3.0006247e+01
   3.0474647e+01
   4.3645478e+01
   3.1640216e+01
   3.9642234e+01
   4.1429096e+01
   1.5272474e+01
   1.8585694e+01
   3.0100190e+01
   1.8152466e+01
   1.5210998e+01
   3.5524478e+01
   5.9711727e+01
   3.0034947e+01
   3.0752228e+01
   3.1663310e+01
   4.5357122e+01
   3.2453244e+01
   1.0624014e+01
   2.7340659e+01
   1.4966400e+01
   2.7103232e+01
   3.1566045e+01
   3.1109512e+01
   2.5354544e+01
   2.1223222e+01
   4.9988799e+01
   2.7297087e+01
   3.3555170e+01
   1.4568887e+01
   4.1502261e+01
   2.1644832e+01
   3.3753212e+01
   1.2863089e+01
   3.0868767e+01
   1.1706860e+01
   2.3814720e+01
   2.4345919e+01
   3.3571406e+01
   3.9996747e+01
   2.9612449e+01
   4.4176752e+01
   3.1749930e+01
   4.8104212e+01
   1.3144962e+01
   1.8307562e+01
   2.7874881e+01
   2.2328592e+01
   2.8780820e+01
   4.3268378e+01
   2.4843231e+01
   2.8810629e+01
   3.8063361e+01
   4.5782356e+01
   2.3522960e+01
   2.7291405e+01
   2.7457273e+01
   3.1665611e+01
   3.4104269e+01
   3.3450623e+01
   2.0338288e+01
   2.7619594e+01
   3.5715656e+01
   2.5865987e+01
   3.6628163e+01
   1.6072402e+01
   1.8736144e+01
   2.6348875e+01
   1.9627266e+01
   2.3625199e+01
   3.7342343e+01
   3.7879268e+01
   8.9281920e+00
   2.3099402e+01
   5.1094841e+01
   2.6388320e+01
   4.0713647e+01
   3.2669461e+01
   2.0557890e+01
   1.6576803e+01
   2.4147588e+01
   4.4488240e+01
   2.5027337e+01
   3.0756350e+01
   1.2680447e+01
   2.9331904e+01
   6.5959842e+01
   3.6372075e+01
   2.6483655e+01
   2.0253838e+01
   4.3722331e+01
   3.8857835e+01
   2.9130764e+01
   3.3657194e+01
   2.2234867e+01
   3.2828064e+01
   2.4233466e+01
   3.1856972e+01
   2.5623862e+01
   2.4795868e+01
   1.6616081e+01
   3.7333773e+01
   3.3216446e+01
   2.3855857e+01
   2.3321197e+01
   2.2968553e+01
   1.5307342e+01
   2.2620399e+01
   4.1628544e+01
   2.4902312e+01
   3.5081064e+01
   2.2069634e+01
   3.8804874e+01
   3.7013994e+01
   2.3738935e+01
   3.6545178e+01
   3.5028616e+01
   1.6143960e+01
   1.9204688e+01
   3.8353510e+01
   1.4182283e+01
   2.1964671e+01
   2.9652509e+01
   2.6087478e+01
   3.4153379e+01
   1.6014607e+01
   2.8678610e+01
   3.8639883e+01
   2.1656283e+01
   1.5317987e+01
   2.8364969e+01
   3.6280365e+01
   3.1123886e+01
   5.7092723e+01
   3.3227274e+01
   1.8988735e+01
   2.3373093e+01
   3.7613442e+01
   1.8797551e+01
