EXEMPLE DE DONNÉES DE SORTIE
-------------------------------------
NPTS   1.0000000e+02   1.0000000e+02
DX     2.0000000e-06   2.0000000e-06
K      2.0250313e+01   2.0250313e+01
  

   6.0000000e+02   4.0000000e+02   3.0000000e+02   2.0000000e+02   1.5000000e+02   1.0000000e+02   7.5000000e+01   5.0000000e+01
   3.3333333e-07   5.0000000e-07   6.6666667e-07   1.0000000e-06   1.3333333e-06   2.0000000e-06   2.6666667e-06   4.0000000e-06
   1.9542286e+01   1.9559257e+01   1.9588959e+01   1.9726541e+01   1.9794200e+01   2.0250313e+01   2.1342283e+01   2.2851299e+01
